line (-1.,0.),(-0.9,0.309017),(-0.8,0.587785),(-0.7,0.809017),(-0.6,0.951057),(-0.5,1.),(-0.4,0.951057),(-0.3,0.809017),(-0.2,0.587785),(-0.1,0.309017),(0.,0),(0.1,-0.309017),(0.2,-0.587785),(0.3,-0.809017),(0.4,-0.951057),(0.5,-1.),(0.6,-0.951057),(0.7,-0.809017),(0.8,-0.587785),(0.9,-0.309017),(1.,0)
line (-1,0),(1,0)
thickness 0.05
line (-0.5,0),(-0.5,1.)
line (0.5,0),(0.5,-1.)
color 255,200,200
line (-0.75,0),(-0.75, 0.698401)
line (-0.25,0),(-0.25,0.698401)
line (0.25,0),(0.25,-0.698401)
line (0.75,0),(0.75, -0.698401)
